7
1
2
29 0 20 1 0 -1
34 0 10 1 0 2
haar_x4
4.708021e-004 0 -1
3.439680e-001 -6.309026e-001 
1
2
17 5 6 12 0 -1
19 5 2 12 0 3
haar_x3
7.972139e-003 0 -1
-3.265100e-001 6.664727e-001 
1
2
22 4 6 13 0 -1
24 4 2 13 0 3
haar_x3
-1.426774e-002 0 -1
8.002240e-001 -2.330546e-001 
1
2
22 10 6 5 0 -1
24 10 2 5 0 3
haar_x3
5.061008e-003 0 -1
-3.087597e-001 7.561685e-001 
1
2
20 6 6 5 0 -1
22 6 2 5 0 3
haar_x3
3.789578e-003 0 -1
-2.629008e-001 6.914531e-001 
1
2
18 3 6 13 0 -1
20 3 2 13 0 3
haar_x3
5.681671e-003 0 -1
-2.893301e-001 6.123912e-001 
1
2
44 9 4 8 0 -1
45 9 2 8 0 2
haar_x4
3.026236e-003 0 -1
-2.883943e-001 8.014657e-001 
-1.274924e+000

3
-1
