10
1
2
37 1 2 1 0 -1
38 1 1 1 0 2
haar_x2
1.195927e-004 0 -1
1.992752e-001 -7.064292e-001 
1
2
37 0 3 3 0 -1
38 1 1 1 0 9
haar_point
-4.077978e-004 0 -1
-6.186113e-001 2.349101e-001 
1
2
20 8 9 7 0 -1
23 8 3 7 0 3
haar_x3
-1.865349e-002 0 -1
6.950676e-001 -2.159307e-001 
1
2
8 5 17 6 0 -1
8 7 17 2 0 3
haar_y3
4.436753e-003 0 -1
-2.841172e-001 4.825234e-001 
1
2
54 11 6 3 0 -1
56 11 2 3 0 3
haar_x3
-5.676952e-003 0 -1
6.855651e-001 -2.265797e-001 
1
2
54 5 6 8 0 -1
56 5 2 8 0 3
haar_x3
9.517763e-003 0 -1
-2.508502e-001 6.107309e-001 
1
2
34 4 1 6 0 -1
32 6 1 2 0 3
tilted_haar_y3
2.757469e-003 0 -1
-2.497380e-001 6.617893e-001 
1
2
39 2 3 9 0 -1
40 5 1 3 0 9
haar_point
2.542169e-004 0 -1
-5.012985e-001 3.614790e-001 
1
2
4 4 18 16 0 -1
4 12 18 8 0 2
haar_y2
4.035987e-004 0 -1
-6.585820e-001 3.410124e-001 
1
3
46 1 34 2 0 -1
46 1 17 1 0 2
63 2 17 1 0 2
haar_x2_y2
-1.059148e-003 0 -1
4.817842e-001 -4.250497e-001 
-7.485425e-001

9
-1
