11
1
2
45 5 6 12 0 -1
47 5 2 12 0 3
haar_x3
1.071908e-002 0 -1
-2.748933e-001 7.611207e-001 
1
2
19 12 20 8 0 -1
19 14 20 4 0 2
haar_y4
-8.208961e-003 0 -1
5.578873e-001 -3.615535e-001 
1
2
47 8 6 8 0 -1
49 8 2 8 0 3
haar_x3
5.534434e-003 0 -1
-3.068669e-001 6.055636e-001 
1
2
33 4 6 12 0 -1
35 4 2 12 0 3
haar_x3
1.014806e-002 0 -1
-2.854431e-001 7.401488e-001 
1
2
14 0 20 12 0 -1
14 3 20 6 0 2
haar_y4
-6.655176e-003 0 -1
3.140712e-001 -7.111747e-001 
1
2
58 7 6 6 0 -1
60 7 2 6 0 3
haar_x3
5.489409e-003 0 -1
-2.890002e-001 7.800471e-001 
1
2
36 10 6 6 0 -1
38 12 2 2 0 9
haar_point
1.101076e-003 0 -1
-7.026071e-001 4.160691e-001 
1
3
35 7 42 12 0 -1
35 7 21 6 0 2
56 13 21 6 0 2
haar_x2_y2
-5.197687e-005 0 -1
3.458007e-001 -7.754873e-001 
1
2
61 8 6 8 0 -1
63 8 2 8 0 3
haar_x3
9.786140e-003 0 -1
-4.191611e-001 8.505098e-001 
1
3
54 4 26 2 0 -1
54 4 13 1 0 2
67 5 13 1 0 2
haar_x2_y2
-4.217164e-005 0 -1
5.754195e-001 -6.924718e-001 
1
2
61 0 12 6 0 -1
64 3 6 6 0 2
tilted_haar_x4
-4.819223e-003 0 -1
7.167845e-001 -5.285491e-001 
-1.208428e+000

4
-1
