8
1
2
17 7 6 10 0 -1
19 7 2 10 0 3
haar_x3
7.366565e-003 0 -1
-3.087543e-001 8.209037e-001 
1
2
14 8 6 8 0 -1
16 8 2 8 0 3
haar_x3
7.641249e-003 0 -1
-3.417682e-001 8.717557e-001 
1
2
52 13 6 4 0 -1
54 13 2 4 0 3
haar_x3
4.972191e-003 0 -1
-4.406768e-001 8.487189e-001 
1
2
55 15 4 1 0 -1
55 15 2 1 0 2
tilted_haar_x2
-2.353443e-004 0 -1
6.210243e-001 -8.154939e-001 
1
2
46 9 2 8 0 -1
46 9 2 4 0 2
tilted_haar_y2
-4.486963e-005 0 -1
4.849561e-001 -7.346298e-001 
1
2
10 6 8 9 0 -1
12 6 4 9 0 2
haar_x4
5.291021e-003 0 -1
-3.951373e-001 8.193251e-001 
1
2
29 0 12 3 0 -1
32 3 6 3 0 2
tilted_haar_x4
-4.398525e-004 0 -1
4.203206e-001 -8.107418e-001 
1
2
17 3 15 9 0 -1
17 6 15 3 0 3
haar_y3
9.372996e-004 0 -1
-5.221519e-001 6.389007e-001 
-8.590575e-001

2
-1
