13
1
2
14 12 19 8 0 -1
14 14 19 4 0 2
haar_y4
-1.392876e-002 0 -1
5.409583e-001 -2.998441e-001 
1
2
29 8 6 10 0 -1
31 8 2 10 0 3
haar_x3
1.288791e-002 0 -1
-1.952500e-001 7.517764e-001 
1
2
26 13 6 2 0 -1
28 13 2 2 0 3
haar_x3
1.658242e-003 0 -1
-3.433351e-001 6.158339e-001 
1
2
23 3 6 14 0 -1
25 3 2 14 0 3
haar_x3
1.154219e-002 0 -1
-2.637318e-001 5.676400e-001 
1
2
25 9 6 6 0 -1
27 9 2 6 0 3
haar_x3
7.783712e-003 0 -1
-2.558699e-001 7.597021e-001 
1
2
19 0 20 20 0 -1
19 5 20 10 0 2
haar_y4
-1.366872e-002 0 -1
2.662099e-001 -7.432215e-001 
1
2
38 3 6 9 0 -1
40 6 2 3 0 9
haar_point
2.392238e-003 0 -1
-4.840789e-001 4.347841e-001 
1
2
32 0 9 12 0 -1
35 4 3 4 0 9
haar_point
5.535092e-003 0 -1
-5.817388e-001 4.426285e-001 
1
3
36 11 42 2 0 -1
36 11 21 1 0 2
57 12 21 1 0 2
haar_x2_y2
-1.817318e-005 0 -1
3.665834e-001 -6.939792e-001 
1
3
30 14 18 6 0 -1
30 14 9 3 0 2
39 17 9 3 0 2
haar_x2_y2
1.968964e-003 0 -1
-4.648247e-001 5.352088e-001 
1
2
15 15 30 5 0 -1
25 15 10 5 0 3
haar_x3
-1.012385e-005 0 -1
3.734816e-001 -7.003670e-001 
1
2
4 1 6 5 0 -1
6 1 2 5 0 3
haar_x3
9.465881e-005 0 -1
-6.681809e-001 4.302005e-001 
1
2
18 1 15 3 0 -1
23 2 5 1 0 9
haar_point
4.631242e-006 0 -1
-7.731171e-001 4.162998e-001 
-1.490655e+000

6
-1
