10
1
2
17 16 18 4 0 -1
17 18 18 2 0 2
haar_y2
7.501877e-003 0 -1
-3.906986e-001 7.150128e-001 
1
2
19 0 20 20 0 -1
19 5 20 10 0 2
haar_y4
-1.363865e-002 0 -1
4.254501e-001 -6.850819e-001 
1
2
19 18 60 2 0 -1
34 18 30 2 0 2
haar_x4
3.101485e-004 0 -1
-6.311725e-001 4.541591e-001 
1
2
58 8 6 5 0 -1
60 8 2 5 0 3
haar_x3
3.108916e-003 0 -1
-4.930874e-001 6.221501e-001 
1
2
19 4 20 16 0 -1
19 12 20 8 0 2
haar_y2
1.077349e-005 0 -1
-7.503051e-001 3.579028e-001 
1
2
35 1 36 8 0 -1
44 1 18 8 0 2
haar_x4
-3.337693e-005 0 -1
3.517016e-001 -8.290229e-001 
1
2
11 16 69 4 0 -1
34 16 23 4 0 3
haar_x3
6.413043e-003 0 -1
-6.258813e-001 5.192490e-001 
1
2
22 11 4 3 0 -1
23 12 2 3 0 2
tilted_haar_x4
1.575467e-003 0 -1
-5.931855e-001 8.270271e-001 
1
2
34 16 9 3 0 -1
37 17 3 1 0 9
haar_point
2.588040e-004 0 -1
-8.768957e-001 4.927996e-001 
1
2
9 0 19 20 0 -1
9 5 19 10 0 2
haar_y4
-7.963846e-003 0 -1
4.481881e-001 -9.493831e-001 
-1.010638e+000

1
-1
