17
1
2
15 12 19 8 0 -1
15 14 19 4 0 2
haar_y4
-1.468905e-002 0 -1
5.527078e-001 -3.021303e-001 
1
2
67 10 9 7 0 -1
70 10 3 7 0 3
haar_x3
1.466667e-002 0 -1
-2.077411e-001 6.574456e-001 
1
2
67 4 9 14 0 -1
70 4 3 14 0 3
haar_x3
-1.581921e-002 0 -1
5.667376e-001 -3.721602e-001 
1
2
25 0 15 3 0 -1
30 1 5 1 0 9
haar_point
4.478677e-006 0 -1
-3.559558e-001 4.340650e-001 
1
2
53 14 9 4 0 -1
56 14 3 4 0 3
haar_x3
-6.905759e-003 0 -1
6.396198e-001 -2.656982e-001 
1
2
55 7 6 5 0 -1
57 7 2 5 0 3
haar_x3
5.006676e-003 0 -1
-2.260822e-001 6.215863e-001 
1
2
41 3 6 3 0 -1
43 5 2 3 0 3
tilted_haar_x3
3.010326e-003 0 -1
-3.580970e-001 5.592011e-001 
1
2
18 5 11 4 0 -1
18 6 11 2 0 2
haar_y4
5.121402e-006 0 -1
-6.164093e-001 3.907576e-001 
1
2
49 6 2 12 0 -1
46 9 2 6 0 2
tilted_haar_y4
-7.452706e-004 0 -1
3.884686e-001 -7.344261e-001 
1
2
27 17 36 1 0 -1
39 17 12 1 0 3
haar_x3
1.915780e-004 0 -1
-6.037382e-001 3.992109e-001 
1
2
37 3 3 9 0 -1
38 4 1 9 0 3
tilted_haar_x3
1.518905e-004 0 -1
-6.004673e-001 4.177994e-001 
1
2
14 5 21 1 0 -1
21 5 7 1 0 3
haar_x3
6.664443e-004 0 -1
-6.598996e-001 5.482246e-001 
1
2
5 0 33 12 0 -1
16 4 11 4 0 9
haar_point
-7.574470e-003 0 -1
4.307530e-001 -8.587607e-001 
1
2
11 12 10 8 0 -1
11 14 10 4 0 2
haar_y4
-1.906217e-004 0 -1
4.572392e-001 -8.641633e-001 
1
2
10 19 52 1 0 -1
36 19 26 1 0 2
haar_x2
5.373427e-006 0 -1
-7.860767e-001 5.044258e-001 
1
2
1 3 52 2 0 -1
27 3 26 2 0 2
haar_x2
-1.045465e-004 0 -1
5.089843e-001 -8.437243e-001 
1
2
4 7 18 9 0 -1
4 10 18 3 0 3
haar_y3
-9.285324e-005 0 -1
4.952444e-001 -7.138819e-001 
-1.317973e+000

13
-1
