18
1
2
29 4 6 9 0 -1
31 7 2 3 0 9
haar_point
8.726284e-003 0 -1
-2.580629e-001 6.016665e-001 
1
2
33 2 14 11 0 -1
40 2 7 11 0 2
haar_x2
-2.670311e-004 0 -1
4.098032e-001 -4.925753e-001 
1
2
36 15 12 2 0 -1
40 15 4 2 0 3
haar_x3
5.434868e-003 0 -1
-2.824042e-001 7.009729e-001 
1
2
15 0 24 12 0 -1
23 4 8 4 0 9
haar_point
-9.315470e-005 0 -1
2.674008e-001 -7.051482e-001 
1
2
12 4 16 4 0 -1
12 5 16 2 0 2
haar_y4
5.318606e-005 0 -1
-4.962645e-001 5.185090e-001 
1
2
19 2 18 3 0 -1
25 3 6 1 0 9
haar_point
3.226989e-005 0 -1
-6.479635e-001 4.468898e-001 
1
2
33 3 6 9 0 -1
35 6 2 3 0 9
haar_point
3.265723e-003 0 -1
-7.371086e-001 4.518959e-001 
1
2
35 17 9 3 0 -1
38 18 3 1 0 9
haar_point
7.082385e-005 0 -1
-8.578817e-001 4.458745e-001 
1
2
17 0 45 18 0 -1
32 6 15 6 0 9
haar_point
-3.776235e-003 0 -1
4.282415e-001 -9.163355e-001 
1
2
15 12 54 3 0 -1
33 13 18 1 0 9
haar_point
1.638849e-004 0 -1
-9.202342e-001 4.841852e-001 
1
2
52 2 8 6 0 -1
52 2 4 6 0 2
tilted_haar_x2
-1.242479e-003 0 -1
5.745869e-001 -9.277143e-001 
1
2
34 3 9 6 0 -1
37 3 3 6 0 3
haar_x3
1.176263e-003 0 -1
-7.904887e-001 6.751008e-001 
1
3
28 4 24 12 0 -1
28 4 12 6 0 2
40 10 12 6 0 2
haar_x2_y2
-1.139660e-003 0 -1
6.128783e-001 -9.215605e-001 
1
2
28 19 51 1 0 -1
45 19 17 1 0 3
haar_x3
1.220094e-005 0 -1
-8.143143e-001 5.907879e-001 
1
2
14 0 6 12 0 -1
14 3 6 6 0 2
haar_y4
-1.632836e-004 0 -1
4.341145e-001 -9.266540e-001 
1
3
5 4 60 16 0 -1
5 4 30 8 0 2
35 12 30 8 0 2
haar_x2_y2
4.708868e-003 0 -1
-9.089430e-001 5.976268e-001 
1
2
19 2 20 18 0 -1
19 8 20 6 0 3
haar_y3
-1.402175e-003 0 -1
4.360566e-001 -9.675602e-001 
1
2
27 7 4 9 0 -1
28 7 2 9 0 2
haar_x4
2.976714e-004 0 -1
-8.653326e-001 5.768391e-001 
-1.458725e+000

10
-1
