17
1
2
13 0 19 8 0 -1
13 2 19 4 0 2
haar_y4
-1.744574e-002 0 -1
5.706214e-001 -2.664906e-001 
1
2
63 9 8 3 0 -1
65 9 4 3 0 2
haar_x4
5.508509e-003 0 -1
-1.800312e-001 7.447141e-001 
1
2
67 7 9 9 0 -1
70 7 3 9 0 3
haar_x3
1.605265e-002 0 -1
-3.108225e-001 6.462567e-001 
1
2
16 12 20 4 0 -1
16 13 20 2 0 2
haar_y4
1.661898e-005 0 -1
-6.276636e-001 3.252241e-001 
1
2
76 5 2 4 0 -1
75 6 2 2 0 2
tilted_haar_y4
1.900584e-004 0 -1
-5.935385e-001 4.494436e-001 
1
2
31 7 12 1 0 -1
31 7 6 1 0 2
tilted_haar_x2
-4.527596e-004 0 -1
2.967851e-001 -9.007717e-001 
1
2
61 11 4 2 0 -1
62 11 2 2 0 2
haar_x4
5.714178e-006 0 -1
-5.633759e-001 4.281254e-001 
1
2
40 0 3 12 0 -1
41 4 1 4 0 9
haar_point
4.077516e-004 0 -1
-6.898449e-001 3.759360e-001 
1
2
19 0 20 20 0 -1
19 5 20 10 0 2
haar_y4
-7.931029e-003 0 -1
2.889301e-001 -9.079144e-001 
1
2
0 1 12 6 0 -1
4 3 4 2 0 9
haar_point
2.542830e-003 0 -1
-7.490644e-001 4.730610e-001 
1
2
33 3 36 17 0 -1
42 3 18 17 0 2
haar_x4
-2.781230e-003 0 -1
4.501381e-001 -8.585262e-001 
1
2
18 0 9 6 0 -1
18 3 9 3 0 2
haar_y2
-3.250465e-003 0 -1
3.964033e-001 -8.097614e-001 
1
2
35 0 12 2 0 -1
39 0 4 2 0 3
haar_x3
-8.722293e-006 0 -1
5.085685e-001 -6.675627e-001 
1
2
25 1 16 9 0 -1
29 1 8 9 0 2
haar_x4
-1.407454e-004 0 -1
4.436723e-001 -7.040420e-001 
1
2
50 0 4 14 0 -1
51 1 2 14 0 2
tilted_haar_x4
3.528728e-003 0 -1
-3.965444e-001 7.354661e-001 
1
2
20 18 56 2 0 -1
34 18 28 2 0 2
haar_x4
6.365030e-006 0 -1
-7.527602e-001 3.682660e-001 
1
2
60 8 4 2 0 -1
61 9 2 2 0 2
tilted_haar_x4
1.716449e-003 0 -1
-6.657134e-001 6.734040e-001 
-1.525702e+000

8
-1
