19
1
2
14 1 7 8 0 -1
14 3 7 4 0 2
haar_y4
-1.400929e-003 0 -1
4.471742e-001 -5.180113e-001 
1
2
34 15 12 2 0 -1
38 15 4 2 0 3
haar_x3
5.664054e-003 0 -1
-3.104855e-001 5.837609e-001 
1
2
10 5 17 15 0 -1
10 10 17 5 0 3
haar_y3
-2.186744e-003 0 -1
3.666649e-001 -5.852229e-001 
1
2
11 14 11 4 0 -1
11 16 11 2 0 2
haar_y2
-6.188308e-006 0 -1
5.644944e-001 -4.638873e-001 
1
2
41 0 32 17 0 -1
57 0 16 17 0 2
haar_x2
8.474879e-005 0 -1
-4.880370e-001 4.197694e-001 
1
2
8 8 4 4 0 -1
10 8 2 4 0 2
haar_x2
1.384809e-005 0 -1
-4.926652e-001 4.537165e-001 
1
2
69 0 8 4 0 -1
69 0 8 2 0 2
tilted_haar_y2
4.967345e-003 0 -1
-5.229955e-001 5.967402e-001 
1
2
17 4 10 16 0 -1
17 12 10 8 0 2
haar_y2
3.577435e-005 0 -1
-8.562174e-001 3.645319e-001 
1
2
75 0 4 13 0 -1
77 0 2 13 0 2
haar_x2
2.567829e-004 0 -1
-8.180198e-001 4.001287e-001 
1
2
36 17 6 3 0 -1
38 18 2 1 0 9
haar_point
1.068724e-005 0 -1
-8.747139e-001 3.873189e-001 
1
2
24 0 18 1 0 -1
30 6 6 1 0 3
tilted_haar_x3
-5.516022e-005 0 -1
3.678162e-001 -9.393536e-001 
1
2
38 8 9 3 0 -1
41 8 3 3 0 3
haar_x3
1.097549e-005 0 -1
-7.417125e-001 4.842689e-001 
1
2
42 17 6 3 0 -1
44 18 2 1 0 9
haar_point
5.603394e-006 0 -1
-8.590477e-001 5.392294e-001 
1
2
35 3 24 4 0 -1
43 3 8 4 0 3
haar_x3
-5.906103e-005 0 -1
6.023298e-001 -9.048518e-001 
1
2
42 3 8 6 0 -1
40 5 8 2 0 3
tilted_haar_y3
-5.463295e-004 0 -1
6.937646e-001 -7.729592e-001 
1
2
6 0 17 6 0 -1
6 3 17 3 0 2
haar_y2
-3.842243e-003 0 -1
5.391285e-001 -6.751596e-001 
1
2
24 2 26 4 0 -1
37 2 13 4 0 2
haar_x2
4.177652e-004 0 -1
-7.010009e-001 5.012160e-001 
1
2
17 13 18 1 0 -1
23 13 6 1 0 3
haar_x3
-1.006286e-004 0 -1
5.801142e-001 -7.703645e-001 
1
2
1 10 54 3 0 -1
28 10 27 3 0 2
haar_x2
-5.744270e-005 0 -1
6.283889e-001 -5.829797e-001 
-1.212881e+000

12
-1
