9
1
2
38 19 2 1 0 -1
39 19 1 1 0 2
haar_x2
-1.063796e-004 0 -1
-8.252109e-001 1.933205e-001 
1
2
66 9 6 5 0 -1
68 9 2 5 0 3
haar_x3
-6.868553e-003 0 -1
7.532050e-001 -2.509835e-001 
1
2
23 15 22 5 0 -1
34 15 11 5 0 2
haar_x2
3.322730e-002 0 -1
2.058728e-001 -9.229496e-001 
1
2
56 11 6 4 0 -1
58 11 2 4 0 3
haar_x3
5.798762e-003 0 -1
-2.443469e-001 7.402017e-001 
1
2
53 8 6 10 0 -1
55 8 2 10 0 3
haar_x3
1.459569e-002 0 -1
-2.230403e-001 7.283872e-001 
1
2
64 5 9 10 0 -1
67 5 3 10 0 3
haar_x3
2.001659e-002 0 -1
-2.383625e-001 6.881873e-001 
1
2
4 19 2 1 0 -1
5 19 1 1 0 2
haar_x2
1.080161e-004 0 -1
2.913390e-001 -6.533691e-001 
1
2
35 1 2 1 0 -1
36 1 1 1 0 2
haar_x2
4.525298e-005 0 -1
2.839372e-001 -5.790380e-001 
1
2
17 16 19 4 0 -1
17 18 19 2 0 2
haar_y2
1.042951e-002 0 -1
-3.373569e-001 5.111008e-001 
-1.142755e+000

7
-1
