5
1
2
14 0 18 6 0 -1
14 3 18 3 0 2
haar_y2
-2.040319e-002 0 -1
6.896030e-001 -4.013231e-001 
1
2
33 7 12 11 0 -1
37 7 4 11 0 3
haar_x3
1.950482e-002 0 -1
-3.659647e-001 7.010511e-001 
1
2
59 6 6 8 0 -1
61 6 2 8 0 3
haar_x3
6.652262e-003 0 -1
-2.469784e-001 7.618142e-001 
1
2
59 3 6 17 0 -1
61 3 2 17 0 3
haar_x3
-9.467905e-003 0 -1
7.117940e-001 -2.845380e-001 
1
2
52 4 9 10 0 -1
55 4 3 10 0 3
haar_x3
1.989974e-002 0 -1
-2.352895e-001 8.769872e-001 
-5.377618e-001

0
-1
