32
1
2
12 0 20 8 0 -1
12 4 20 4 0 2
haar_y2
-7.361234e-003 0 -1
4.473759e-001 -6.447083e-001 
1
2
40 0 3 12 0 -1
41 4 1 4 0 9
haar_point
5.889412e-004 0 -1
-5.009221e-001 4.111231e-001 
1
2
15 3 20 4 0 -1
15 5 20 2 0 2
haar_y2
2.610529e-003 0 -1
-3.760822e-001 7.068494e-001 
1
2
44 0 6 6 0 -1
46 2 2 2 0 9
haar_point
1.277550e-005 0 -1
-6.854417e-001 4.419242e-001 
1
2
19 9 20 6 0 -1
19 12 20 3 0 2
haar_y2
3.174779e-004 0 -1
-8.214135e-001 3.448464e-001 
1
2
10 19 52 1 0 -1
36 19 26 1 0 2
haar_x2
5.373427e-006 0 -1
-8.500590e-001 3.729645e-001 
1
2
8 10 20 10 0 -1
8 15 20 5 0 2
haar_y2
2.444834e-004 0 -1
-9.178430e-001 4.073949e-001 
1
2
27 17 24 2 0 -1
33 17 12 2 0 2
haar_x4
4.253836e-005 0 -1
-9.511582e-001 3.831639e-001 
1
2
22 5 8 3 0 -1
21 6 8 1 0 3
tilted_haar_y3
1.218415e-004 0 -1
-9.440260e-001 6.070992e-001 
1
2
53 7 6 5 0 -1
55 7 2 5 0 3
haar_x3
7.808092e-004 0 -1
-9.781500e-001 7.639545e-001 
1
3
20 6 40 2 0 -1
20 6 20 1 0 2
40 7 20 1 0 2
haar_x2_y2
-3.866532e-005 0 -1
1.000000e+000 -9.974883e-001 
1
3
20 6 40 2 0 -1
20 6 20 1 0 2
40 7 20 1 0 2
haar_x2_y2
1.150700e-005 0 -1
-9.704843e-001 8.727180e-001 
1
2
30 0 33 9 0 -1
41 0 11 9 0 3
haar_x3
-2.726430e-003 0 -1
8.321260e-001 -9.974096e-001 
1
2
26 4 30 5 0 -1
36 4 10 5 0 3
haar_x3
1.395409e-004 0 -1
-9.858891e-001 7.232983e-001 
1
2
61 1 16 5 0 -1
65 1 8 5 0 2
haar_x4
7.854948e-005 0 -1
-9.990588e-001 8.778345e-001 
1
2
0 0 2 1 0 -1
1 0 1 1 0 2
haar_x2
0.000000e+000 0 -1
0.000000e+000 -1.000000e+000 
1
2
20 17 51 3 0 -1
37 18 17 1 0 9
haar_point
2.671809e-005 0 -1
-9.976960e-001 9.619585e-001 
1
2
0 0 2 1 0 -1
1 0 1 1 0 2
haar_x2
0.000000e+000 0 -1
0.000000e+000 -1.000000e+000 
1
2
0 0 2 1 0 -1
1 0 1 1 0 2
haar_x2
5.372190e-006 0 -1
-9.874595e-001 1.000000e+000 
1
2
0 9 52 9 0 -1
13 9 26 9 0 2
haar_x4
7.088691e-003 0 -1
-1.000000e+000 1.000058e+000 
1
2
0 0 2 1 0 -1
1 0 1 1 0 2
haar_x2
0.000000e+000 0 -1
0.000000e+000 -1.000000e+000 
1
2
0 0 57 18 0 -1
19 6 19 6 0 9
haar_point
-2.920684e-003 0 -1
1.000000e+000 -9.986672e-001 
1
2
27 0 12 1 0 -1
30 3 6 1 0 2
tilted_haar_x4
-1.518577e-005 0 -1
8.438020e-001 -9.635079e-001 
1
2
0 14 28 6 0 -1
7 14 14 6 0 2
haar_x4
-1.728880e-004 0 -1
7.768258e-001 -9.252967e-001 
1
2
19 16 36 1 0 -1
37 16 18 1 0 2
haar_x2
1.563821e-004 0 -1
-8.406189e-001 7.479114e-001 
1
2
35 9 3 6 0 -1
36 11 1 2 0 9
haar_point
2.431556e-005 0 -1
-9.239530e-001 8.694775e-001 
1
2
72 3 8 9 0 -1
74 3 4 9 0 2
haar_x4
-3.040366e-005 0 -1
8.988451e-001 -9.835607e-001 
1
2
68 4 8 3 0 -1
70 4 4 3 0 2
haar_x4
-2.519343e-004 0 -1
8.417773e-001 -9.323031e-001 
1
2
9 2 6 10 0 -1
9 7 6 5 0 2
haar_y2
-1.922673e-005 0 -1
7.490503e-001 -8.566266e-001 
1
2
16 0 8 12 0 -1
16 3 8 6 0 2
haar_y4
-2.045741e-004 0 -1
7.185537e-001 -7.464207e-001 
1
2
52 5 7 8 0 -1
52 5 7 4 0 2
tilted_haar_y2
-6.658709e-005 0 -1
6.732655e-001 -8.135476e-001 
1
3
37 0 28 4 0 -1
37 0 14 2 0 2
51 2 14 2 0 2
haar_x2_y2
-1.433229e-003 0 -1
7.189004e-001 -6.434524e-001 
-1.714592e+000

5
-1
