21
1
2
13 12 6 3 0 -1
15 12 2 3 0 3
haar_x3
4.404915e-003 0 -1
-2.421367e-001 7.349278e-001 
1
2
39 11 33 9 0 -1
50 14 11 3 0 9
haar_point
-7.512012e-005 0 -1
3.935642e-001 -5.278835e-001 
1
2
72 0 8 19 0 -1
76 0 4 19 0 2
haar_x2
4.830004e-003 0 -1
-3.984599e-001 5.123625e-001 
1
2
39 4 6 9 0 -1
41 7 2 3 0 9
haar_point
4.055246e-003 0 -1
-4.993660e-001 4.869277e-001 
1
2
35 1 18 14 0 -1
41 1 6 14 0 3
haar_x3
-1.862468e-003 0 -1
4.123266e-001 -7.090554e-001 
1
2
17 6 20 4 0 -1
17 7 20 2 0 2
haar_y4
5.055576e-006 0 -1
-6.308804e-001 3.622504e-001 
1
2
16 3 34 4 0 -1
33 3 17 4 0 2
haar_x2
1.723526e-003 0 -1
-6.171507e-001 3.923624e-001 
1
2
30 16 21 2 0 -1
37 16 7 2 0 3
haar_x3
6.141036e-004 0 -1
-7.476718e-001 3.515479e-001 
1
2
13 0 12 12 0 -1
13 6 12 6 0 2
haar_y2
-1.748680e-004 0 -1
3.448720e-001 -8.538621e-001 
1
2
34 4 4 7 0 -1
35 5 2 7 0 2
tilted_haar_x4
1.514635e-004 0 -1
-6.943480e-001 4.529300e-001 
1
2
31 3 4 6 0 -1
32 4 2 6 0 2
tilted_haar_x4
1.844677e-005 0 -1
-7.375646e-001 5.497756e-001 
1
2
13 7 20 2 0 -1
23 7 10 2 0 2
haar_x2
-3.619399e-004 0 -1
6.073082e-001 -8.438917e-001 
1
2
57 5 10 5 0 -1
57 5 5 5 0 2
tilted_haar_x2
-2.805747e-005 0 -1
5.913413e-001 -7.181890e-001 
1
2
34 17 30 1 0 -1
49 17 15 1 0 2
haar_x2
-4.943812e-005 0 -1
4.908939e-001 -6.135656e-001 
1
2
44 16 21 1 0 -1
51 16 7 1 0 3
haar_x3
3.512714e-004 0 -1
-4.261435e-001 6.049704e-001 
1
2
18 0 15 3 0 -1
23 1 5 1 0 9
haar_point
2.103232e-003 0 -1
-6.352310e-001 4.843970e-001 
1
2
10 8 19 12 0 -1
10 11 19 6 0 2
haar_y4
-1.351519e-003 0 -1
4.521544e-001 -6.752942e-001 
1
2
6 9 19 6 0 -1
6 12 19 3 0 2
haar_y2
1.200965e-004 0 -1
-6.463490e-001 4.628100e-001 
1
2
4 0 6 20 0 -1
6 0 2 20 0 3
haar_x3
7.197557e-004 0 -1
-6.359716e-001 4.756493e-001 
1
2
30 1 1 12 0 -1
27 4 1 6 0 2
tilted_haar_y4
-4.531412e-005 0 -1
3.934580e-001 -7.676929e-001 
1
2
21 13 4 2 0 -1
22 14 2 2 0 2
tilted_haar_x4
5.167888e-004 0 -1
-4.939732e-001 6.197808e-001 
-1.223295e+000

11
-1
